linear: 0.4782064066666559
binary: 0.00008883
bubble sort: 5.246253763323572