linear: 0.4782064066666559
binary: 3.899998652438322e-06
bubble-sort: 5.246253763323572
selection-sort: 3.545626776663509
insertion-sort: 2.172456949995831
merge-sort: 0.036372464001178745
0.016442540993448346
heap-sort: 0.04644732663873583