linear: 0.4782064066666559
binary: 0.00008883
bubble-sort: 5.246253763323572
selection-sort: 3.545626776663509
insertion-sort: 2.172456949995831
merge-sort: 0.046963976661209016